Result for Konzentration
{'S1': array([ 9.24782589e-02, -3.58598014e-15,  8.67309284e-04,  1.39120332e-03,
        3.60272031e-04,  7.44170827e-02,  3.72255608e-03,  5.79074271e-02,
        8.27876535e-02,  4.84449997e-04,  0.00000000e+00,  0.00000000e+00,
        2.01681313e-04,  7.75615436e-02, -4.54002164e-15, -1.31546824e-14,
        7.77661949e-06,  6.12072286e-02, -3.20639386e-04,  5.53650116e-02,
        7.03788885e-02, -1.01603304e-04,  6.17351806e-02,  5.81949457e-04,
        2.85973622e-04]), 'S1_conf': array([1.80587709e-02, 1.62217174e-14, 1.99238436e-03, 1.81689702e-03,
       4.51617076e-04, 1.39244386e-02, 5.80432364e-03, 1.67013235e-02,
       1.53114795e-02, 1.65987086e-03, 0.00000000e+00, 0.00000000e+00,
       1.37067958e-03, 1.49334013e-02, 1.36149875e-14, 1.84021656e-14,
       1.71643806e-05, 1.36343638e-02, 2.62608581e-03, 1.12548358e-02,
       1.47089234e-02, 2.52775801e-04, 1.20386417e-02, 1.84473927e-03,
       1.37576285e-03]), 'ST': array([2.17559478e-01, 2.76311945e-25, 1.85429487e-03, 2.34447757e-03,
       1.40024780e-04, 1.54079758e-01, 1.76137645e-02, 1.43959991e-01,
       1.65686587e-01, 2.19521350e-03, 0.00000000e+00, 0.00000000e+00,
       1.18223247e-03, 1.53523180e-01, 2.29984970e-25, 4.73272845e-25,
       2.04102546e-07, 1.38321479e-01, 4.73727281e-03, 1.23243234e-01,
       1.56893880e-01, 5.36181490e-05, 1.16992253e-01, 2.21995643e-03,
       1.45858560e-03]), 'ST_conf': array([1.75161365e-02, 2.72056415e-25, 1.73441573e-04, 2.05062574e-04,
       1.08587270e-05, 1.17100124e-02, 1.74512737e-03, 1.20908056e-02,
       1.33733978e-02, 1.92722036e-04, 0.00000000e+00, 0.00000000e+00,
       1.11046851e-04, 1.26127045e-02, 2.39934694e-25, 8.41215090e-25,
       4.10901161e-08, 1.16843236e-02, 5.38471732e-04, 1.03933479e-02,
       1.27584693e-02, 4.29042806e-06, 8.80804373e-03, 2.09623589e-04,
       1.40341589e-04])}
Result for Time
{'S1': array([ 9.24782589e-02, -3.58598014e-15,  8.67309284e-04,  1.39120332e-03,
        3.60272031e-04,  7.44170827e-02,  3.72255608e-03,  5.79074271e-02,
        8.27876535e-02,  4.84449997e-04,  0.00000000e+00,  0.00000000e+00,
        2.01681313e-04,  7.75615436e-02, -4.54002164e-15, -1.31546824e-14,
        7.77661949e-06,  6.12072286e-02, -3.20639386e-04,  5.53650116e-02,
        7.03788885e-02, -1.01603304e-04,  6.17351806e-02,  5.81949457e-04,
        2.85973622e-04]), 'S1_conf': array([1.80587709e-02, 1.62217174e-14, 1.99238436e-03, 1.81689702e-03,
       4.51617076e-04, 1.39244386e-02, 5.80432364e-03, 1.67013235e-02,
       1.53114795e-02, 1.65987086e-03, 0.00000000e+00, 0.00000000e+00,
       1.37067958e-03, 1.49334013e-02, 1.36149875e-14, 1.84021656e-14,
       1.71643806e-05, 1.36343638e-02, 2.62608581e-03, 1.12548358e-02,
       1.47089234e-02, 2.52775801e-04, 1.20386417e-02, 1.84473927e-03,
       1.37576285e-03]), 'ST': array([2.17559478e-01, 2.76311945e-25, 1.85429487e-03, 2.34447757e-03,
       1.40024780e-04, 1.54079758e-01, 1.76137645e-02, 1.43959991e-01,
       1.65686587e-01, 2.19521350e-03, 0.00000000e+00, 0.00000000e+00,
       1.18223247e-03, 1.53523180e-01, 2.29984970e-25, 4.73272845e-25,
       2.04102546e-07, 1.38321479e-01, 4.73727281e-03, 1.23243234e-01,
       1.56893880e-01, 5.36181490e-05, 1.16992253e-01, 2.21995643e-03,
       1.45858560e-03]), 'ST_conf': array([1.75161365e-02, 2.72056415e-25, 1.73441573e-04, 2.05062574e-04,
       1.08587270e-05, 1.17100124e-02, 1.74512737e-03, 1.20908056e-02,
       1.33733978e-02, 1.92722036e-04, 0.00000000e+00, 0.00000000e+00,
       1.11046851e-04, 1.26127045e-02, 2.39934694e-25, 8.41215090e-25,
       4.10901161e-08, 1.16843236e-02, 5.38471732e-04, 1.03933479e-02,
       1.27584693e-02, 4.29042806e-06, 8.80804373e-03, 2.09623589e-04,
       1.40341589e-04])}