Result for Konzentration
{'S1': array([ 1.84695833e-01,  3.79260214e-03, -2.19039542e-08,  4.80638580e-06,
        1.49262060e-04,  8.65084449e-02,  2.90094611e-02,  2.82703941e-02,
        1.22589891e-01,  9.72237712e-04,  0.00000000e+00,  0.00000000e+00,
        3.70302169e-02,  1.33566326e-01,  3.65146624e-02,  4.00564950e-03,
        2.75485806e-02,  3.80296464e-02,  9.85415941e-03,  1.62304958e-02,
        1.47971466e-01,  4.51616808e-05,  7.56936976e-02,  0.00000000e+00,
        0.00000000e+00]), 'S1_conf': array([1.67064375e-02, 2.43433820e-03, 1.16144774e-07, 4.63456915e-05,
       3.78100418e-04, 1.22668131e-02, 7.93948185e-03, 6.47906480e-03,
       1.52912418e-02, 1.35958768e-03, 0.00000000e+00, 0.00000000e+00,
       7.60454410e-03, 1.42118203e-02, 7.56318283e-03, 2.33262201e-03,
       6.36829325e-03, 7.39138359e-03, 4.13151385e-03, 5.46864401e-03,
       1.60365583e-02, 1.84763558e-04, 9.41251674e-03, 0.00000000e+00,
       0.00000000e+00]), 'ST': array([1.97183320e-01, 3.43504637e-03, 1.12739447e-11, 1.27119529e-06,
       8.76875463e-05, 9.04063988e-02, 3.77488910e-02, 3.20879579e-02,
       1.28150572e-01, 9.92305850e-04, 0.00000000e+00, 0.00000000e+00,
       3.73156147e-02, 1.38227058e-01, 3.68323100e-02, 3.82466095e-03,
       2.79827713e-02, 3.91608224e-02, 1.02295662e-02, 1.85193842e-02,
       1.51044663e-01, 2.40583851e-05, 7.46460677e-02, 0.00000000e+00,
       0.00000000e+00]), 'ST_conf': array([8.56011622e-03, 1.51914091e-04, 4.84030704e-12, 5.59344356e-08,
       3.80617994e-06, 3.88036684e-03, 2.25160947e-03, 1.52488044e-03,
       5.88414259e-03, 4.61400983e-05, 0.00000000e+00, 0.00000000e+00,
       1.70489287e-03, 5.80241995e-03, 1.62766269e-03, 1.55834380e-04,
       1.27260974e-03, 1.77455442e-03, 4.50643390e-04, 1.00180388e-03,
       6.55905222e-03, 1.32139836e-06, 3.14678945e-03, 0.00000000e+00,
       0.00000000e+00])}
Result for Time
{'S1': array([ 1.84695833e-01,  3.79260214e-03, -2.19039542e-08,  4.80638580e-06,
        1.49262060e-04,  8.65084449e-02,  2.90094611e-02,  2.82703941e-02,
        1.22589891e-01,  9.72237712e-04,  0.00000000e+00,  0.00000000e+00,
        3.70302169e-02,  1.33566326e-01,  3.65146624e-02,  4.00564950e-03,
        2.75485806e-02,  3.80296464e-02,  9.85415941e-03,  1.62304958e-02,
        1.47971466e-01,  4.51616808e-05,  7.56936976e-02,  0.00000000e+00,
        0.00000000e+00]), 'S1_conf': array([1.67064375e-02, 2.43433820e-03, 1.16144774e-07, 4.63456915e-05,
       3.78100418e-04, 1.22668131e-02, 7.93948185e-03, 6.47906480e-03,
       1.52912418e-02, 1.35958768e-03, 0.00000000e+00, 0.00000000e+00,
       7.60454410e-03, 1.42118203e-02, 7.56318283e-03, 2.33262201e-03,
       6.36829325e-03, 7.39138359e-03, 4.13151385e-03, 5.46864401e-03,
       1.60365583e-02, 1.84763558e-04, 9.41251674e-03, 0.00000000e+00,
       0.00000000e+00]), 'ST': array([1.97183320e-01, 3.43504637e-03, 1.12739447e-11, 1.27119529e-06,
       8.76875463e-05, 9.04063988e-02, 3.77488910e-02, 3.20879579e-02,
       1.28150572e-01, 9.92305850e-04, 0.00000000e+00, 0.00000000e+00,
       3.73156147e-02, 1.38227058e-01, 3.68323100e-02, 3.82466095e-03,
       2.79827713e-02, 3.91608224e-02, 1.02295662e-02, 1.85193842e-02,
       1.51044663e-01, 2.40583851e-05, 7.46460677e-02, 0.00000000e+00,
       0.00000000e+00]), 'ST_conf': array([8.56011622e-03, 1.51914091e-04, 4.84030704e-12, 5.59344356e-08,
       3.80617994e-06, 3.88036684e-03, 2.25160947e-03, 1.52488044e-03,
       5.88414259e-03, 4.61400983e-05, 0.00000000e+00, 0.00000000e+00,
       1.70489287e-03, 5.80241995e-03, 1.62766269e-03, 1.55834380e-04,
       1.27260974e-03, 1.77455442e-03, 4.50643390e-04, 1.00180388e-03,
       6.55905222e-03, 1.32139836e-06, 3.14678945e-03, 0.00000000e+00,
       0.00000000e+00])}