Result for Konzentration
{'S1': array([ 4.72011932e-01,  7.16026290e-05, -1.74226538e-06,  3.98376139e-06,
        2.59914676e-03,  4.27669125e-02,  4.04462011e-01,  4.05719386e-03,
        3.91480652e-03,  4.50236840e-06,  5.18126320e-05,  2.57518308e-05,
        3.58516988e-05,  1.25013261e-02,  1.04662072e-04,  5.86518685e-04,
        9.95513058e-06,  1.25164771e-02,  3.34203969e-06,  7.72471777e-03,
        1.30593068e-02,  1.02714040e-09, -2.30749417e-06,  2.13154845e-07,
        4.16192587e-07]), 'S1_conf': array([2.30116137e-02, 8.74516134e-05, 7.26004948e-06, 1.86736772e-05,
       2.03865452e-03, 8.47579851e-03, 2.47031441e-02, 2.18845551e-03,
       2.87391036e-03, 3.18304104e-05, 5.78811776e-04, 3.57673063e-04,
       1.04059054e-04, 4.46128225e-03, 7.83400471e-05, 1.12501954e-03,
       4.95444847e-05, 4.37335410e-03, 2.73935648e-05, 3.21344862e-03,
       5.22911695e-03, 1.26251137e-08, 3.29251329e-05, 1.50283621e-05,
       1.12826375e-05]), 'ST': array([4.89249063e-01, 6.19602070e-06, 5.19078683e-08, 2.59712260e-07,
       3.14104912e-03, 4.26216385e-02, 4.24471972e-01, 4.73013611e-03,
       5.52276647e-03, 6.64780513e-07, 2.71832208e-04, 1.03407810e-04,
       7.45184934e-06, 1.33102844e-02, 4.90743674e-06, 7.82963170e-04,
       2.15282504e-06, 1.39575157e-02, 5.99083632e-07, 7.46476661e-03,
       1.47788757e-02, 9.29590091e-14, 6.07408360e-07, 1.64997642e-07,
       9.87541284e-08]), 'ST_conf': array([2.00525018e-02, 3.85754581e-07, 2.89158351e-09, 1.62733636e-08,
       1.34810352e-04, 1.91382702e-03, 1.77866632e-02, 2.28319361e-04,
       2.35192137e-04, 4.95905353e-08, 2.59581981e-05, 8.71621663e-06,
       7.86499854e-07, 7.39201040e-04, 5.87592504e-07, 4.22986851e-05,
       2.05338149e-07, 7.01490899e-04, 2.53954062e-08, 3.25006359e-04,
       6.88032089e-04, 8.01361489e-15, 2.95589529e-08, 1.08820129e-08,
       6.66434556e-09])}
Result for Time
{'S1': array([ 4.72011932e-01,  7.16026290e-05, -1.74226538e-06,  3.98376139e-06,
        2.59914676e-03,  4.27669125e-02,  4.04462011e-01,  4.05719386e-03,
        3.91480652e-03,  4.50236840e-06,  5.18126320e-05,  2.57518308e-05,
        3.58516988e-05,  1.25013261e-02,  1.04662072e-04,  5.86518685e-04,
        9.95513058e-06,  1.25164771e-02,  3.34203969e-06,  7.72471777e-03,
        1.30593068e-02,  1.02714040e-09, -2.30749417e-06,  2.13154845e-07,
        4.16192587e-07]), 'S1_conf': array([2.30116137e-02, 8.74516134e-05, 7.26004948e-06, 1.86736772e-05,
       2.03865452e-03, 8.47579851e-03, 2.47031441e-02, 2.18845551e-03,
       2.87391036e-03, 3.18304104e-05, 5.78811776e-04, 3.57673063e-04,
       1.04059054e-04, 4.46128225e-03, 7.83400471e-05, 1.12501954e-03,
       4.95444847e-05, 4.37335410e-03, 2.73935648e-05, 3.21344862e-03,
       5.22911695e-03, 1.26251137e-08, 3.29251329e-05, 1.50283621e-05,
       1.12826375e-05]), 'ST': array([4.89249063e-01, 6.19602070e-06, 5.19078683e-08, 2.59712260e-07,
       3.14104912e-03, 4.26216385e-02, 4.24471972e-01, 4.73013611e-03,
       5.52276647e-03, 6.64780513e-07, 2.71832208e-04, 1.03407810e-04,
       7.45184934e-06, 1.33102844e-02, 4.90743674e-06, 7.82963170e-04,
       2.15282504e-06, 1.39575157e-02, 5.99083632e-07, 7.46476661e-03,
       1.47788757e-02, 9.29590091e-14, 6.07408360e-07, 1.64997642e-07,
       9.87541284e-08]), 'ST_conf': array([2.00525018e-02, 3.85754581e-07, 2.89158351e-09, 1.62733636e-08,
       1.34810352e-04, 1.91382702e-03, 1.77866632e-02, 2.28319361e-04,
       2.35192137e-04, 4.95905353e-08, 2.59581981e-05, 8.71621663e-06,
       7.86499854e-07, 7.39201040e-04, 5.87592504e-07, 4.22986851e-05,
       2.05338149e-07, 7.01490899e-04, 2.53954062e-08, 3.25006359e-04,
       6.88032089e-04, 8.01361489e-15, 2.95589529e-08, 1.08820129e-08,
       6.66434556e-09])}