Result for Konzentration
{'S1': array([ 8.17363584e-02,  2.01318413e-03,  1.26570348e-05,  2.76316648e-05,
        1.04416916e-04,  5.39615303e-02,  3.95431834e-03,  7.95368398e-02,
        8.55956287e-02,  8.75719385e-04,  2.04801200e-01,  0.00000000e+00,
        1.42920996e-03,  9.00758804e-02,  4.10697704e-04,  1.82065071e-02,
       -1.45077612e-04,  1.00120479e-01,  2.88398849e-03,  2.50773476e-02,
        9.17459384e-02,  5.31427340e-05,  6.63543757e-02,  1.79666175e-06,
        1.16649863e-05]), 'S1_conf': array([0.01239064, 0.00136872, 0.00013009, 0.00019439, 0.00036463,
       0.00999902, 0.00428712, 0.01206152, 0.01425965, 0.00129823,
       0.01777938, 0.        , 0.00234575, 0.01264061, 0.00241871,
       0.00581946, 0.00220004, 0.01380084, 0.00262625, 0.00758947,
       0.01208506, 0.00020588, 0.00917284, 0.00017944, 0.00014652]), 'ST': array([1.10242372e-01, 1.62269648e-03, 1.25527729e-05, 2.26476885e-05,
       8.16993859e-05, 6.85059518e-02, 1.15239212e-02, 1.04840883e-01,
       1.01341687e-01, 1.05307476e-03, 2.33476992e-01, 0.00000000e+00,
       4.40511793e-03, 1.06992175e-01, 4.73199544e-03, 2.09447057e-02,
       3.34786864e-03, 1.17758376e-01, 4.30092778e-03, 3.81759871e-02,
       1.12688220e-01, 2.86864797e-05, 7.23828258e-02, 2.10648442e-05,
       1.14978484e-05]), 'ST_conf': array([6.78464793e-03, 8.89529074e-05, 8.44736609e-07, 1.23472281e-06,
       4.72373663e-06, 4.07413083e-03, 1.05314351e-03, 6.82851197e-03,
       5.53423641e-03, 5.78964962e-05, 1.27555743e-02, 0.00000000e+00,
       3.54735279e-04, 6.04740240e-03, 7.35257016e-04, 1.21458664e-03,
       4.21290035e-04, 6.48265707e-03, 3.08126473e-04, 2.89413692e-03,
       5.59544436e-03, 1.83726937e-06, 3.83831922e-03, 1.56696016e-06,
       7.81219790e-07])}
Result for Time
{'S1': array([ 8.17363584e-02,  2.01318413e-03,  1.26570348e-05,  2.76316648e-05,
        1.04416916e-04,  5.39615303e-02,  3.95431834e-03,  7.95368398e-02,
        8.55956287e-02,  8.75719385e-04,  2.04801200e-01,  0.00000000e+00,
        1.42920996e-03,  9.00758804e-02,  4.10697704e-04,  1.82065071e-02,
       -1.45077612e-04,  1.00120479e-01,  2.88398849e-03,  2.50773476e-02,
        9.17459384e-02,  5.31427340e-05,  6.63543757e-02,  1.79666175e-06,
        1.16649863e-05]), 'S1_conf': array([0.01239064, 0.00136872, 0.00013009, 0.00019439, 0.00036463,
       0.00999902, 0.00428712, 0.01206152, 0.01425965, 0.00129823,
       0.01777938, 0.        , 0.00234575, 0.01264061, 0.00241871,
       0.00581946, 0.00220004, 0.01380084, 0.00262625, 0.00758947,
       0.01208506, 0.00020588, 0.00917284, 0.00017944, 0.00014652]), 'ST': array([1.10242372e-01, 1.62269648e-03, 1.25527729e-05, 2.26476885e-05,
       8.16993859e-05, 6.85059518e-02, 1.15239212e-02, 1.04840883e-01,
       1.01341687e-01, 1.05307476e-03, 2.33476992e-01, 0.00000000e+00,
       4.40511793e-03, 1.06992175e-01, 4.73199544e-03, 2.09447057e-02,
       3.34786864e-03, 1.17758376e-01, 4.30092778e-03, 3.81759871e-02,
       1.12688220e-01, 2.86864797e-05, 7.23828258e-02, 2.10648442e-05,
       1.14978484e-05]), 'ST_conf': array([6.78464793e-03, 8.89529074e-05, 8.44736609e-07, 1.23472281e-06,
       4.72373663e-06, 4.07413083e-03, 1.05314351e-03, 6.82851197e-03,
       5.53423641e-03, 5.78964962e-05, 1.27555743e-02, 0.00000000e+00,
       3.54735279e-04, 6.04740240e-03, 7.35257016e-04, 1.21458664e-03,
       4.21290035e-04, 6.48265707e-03, 3.08126473e-04, 2.89413692e-03,
       5.59544436e-03, 1.83726937e-06, 3.83831922e-03, 1.56696016e-06,
       7.81219790e-07])}