Result for Konzentration
{'S1': array([ 4.71929376e-01,  7.02608168e-05,  7.85384363e-08,  5.09178957e-06,
        2.50897377e-03,  4.25234526e-02,  4.07042864e-01,  3.16916145e-03,
        3.61017794e-03,  5.70487033e-06,  0.00000000e+00,  3.67638959e-03,
        1.93312769e-04,  1.20476991e-02,  4.05200617e-05,  5.15945986e-04,
        1.27296686e-04,  1.01236849e-02,  4.25695007e-06,  5.91012589e-03,
        1.26854835e-02,  2.17616891e-09, -2.12719608e-06,  0.00000000e+00,
        0.00000000e+00]), 'S1_conf': array([2.59077963e-02, 1.14015641e-04, 1.05390108e-07, 3.06211101e-05,
       2.08513214e-03, 8.64916752e-03, 2.53002972e-02, 2.15523513e-03,
       3.06638469e-03, 2.59281307e-05, 0.00000000e+00, 2.57399626e-03,
       5.21435602e-04, 4.24897443e-03, 5.11610836e-04, 9.86739897e-04,
       2.13955256e-04, 4.50744107e-03, 3.14738344e-05, 3.44130945e-03,
       5.02102314e-03, 9.80260874e-09, 2.87230678e-05, 0.00000000e+00,
       0.00000000e+00]), 'ST': array([4.88869218e-01, 8.24987559e-06, 5.08587957e-12, 5.86656430e-07,
       2.92074842e-03, 4.24279372e-02, 4.26815090e-01, 3.79063933e-03,
       5.16581210e-03, 5.65657571e-07, 0.00000000e+00, 3.98557775e-03,
       1.74868902e-04, 1.29026546e-02, 1.43853750e-04, 6.54177942e-04,
       3.78251159e-05, 1.16638001e-02, 5.67241921e-07, 6.24974863e-03,
       1.42200101e-02, 8.26775934e-14, 5.58569481e-07, 0.00000000e+00,
       0.00000000e+00]), 'ST_conf': array([2.12721705e-02, 4.95990912e-07, 6.04206656e-12, 3.42179930e-08,
       1.51258579e-04, 2.12340769e-03, 1.70221234e-02, 1.78459539e-04,
       2.59234815e-04, 3.94607392e-08, 0.00000000e+00, 2.38423760e-04,
       1.40192799e-05, 5.99291239e-04, 1.07500488e-05, 3.56960053e-05,
       3.14690615e-06, 6.11669638e-04, 2.76099861e-08, 2.87422569e-04,
       7.23329661e-04, 6.87827372e-15, 2.89756831e-08, 0.00000000e+00,
       0.00000000e+00])}
Result for Time
{'S1': array([ 4.71929376e-01,  7.02608168e-05,  7.85384363e-08,  5.09178957e-06,
        2.50897377e-03,  4.25234526e-02,  4.07042864e-01,  3.16916145e-03,
        3.61017794e-03,  5.70487033e-06,  0.00000000e+00,  3.67638959e-03,
        1.93312769e-04,  1.20476991e-02,  4.05200617e-05,  5.15945986e-04,
        1.27296686e-04,  1.01236849e-02,  4.25695007e-06,  5.91012589e-03,
        1.26854835e-02,  2.17616891e-09, -2.12719608e-06,  0.00000000e+00,
        0.00000000e+00]), 'S1_conf': array([2.59077963e-02, 1.14015641e-04, 1.05390108e-07, 3.06211101e-05,
       2.08513214e-03, 8.64916752e-03, 2.53002972e-02, 2.15523513e-03,
       3.06638469e-03, 2.59281307e-05, 0.00000000e+00, 2.57399626e-03,
       5.21435602e-04, 4.24897443e-03, 5.11610836e-04, 9.86739897e-04,
       2.13955256e-04, 4.50744107e-03, 3.14738344e-05, 3.44130945e-03,
       5.02102314e-03, 9.80260874e-09, 2.87230678e-05, 0.00000000e+00,
       0.00000000e+00]), 'ST': array([4.88869218e-01, 8.24987559e-06, 5.08587957e-12, 5.86656430e-07,
       2.92074842e-03, 4.24279372e-02, 4.26815090e-01, 3.79063933e-03,
       5.16581210e-03, 5.65657571e-07, 0.00000000e+00, 3.98557775e-03,
       1.74868902e-04, 1.29026546e-02, 1.43853750e-04, 6.54177942e-04,
       3.78251159e-05, 1.16638001e-02, 5.67241921e-07, 6.24974863e-03,
       1.42200101e-02, 8.26775934e-14, 5.58569481e-07, 0.00000000e+00,
       0.00000000e+00]), 'ST_conf': array([2.12721705e-02, 4.95990912e-07, 6.04206656e-12, 3.42179930e-08,
       1.51258579e-04, 2.12340769e-03, 1.70221234e-02, 1.78459539e-04,
       2.59234815e-04, 3.94607392e-08, 0.00000000e+00, 2.38423760e-04,
       1.40192799e-05, 5.99291239e-04, 1.07500488e-05, 3.56960053e-05,
       3.14690615e-06, 6.11669638e-04, 2.76099861e-08, 2.87422569e-04,
       7.23329661e-04, 6.87827372e-15, 2.89756831e-08, 0.00000000e+00,
       0.00000000e+00])}