Result for Konzentration
{'S1': array([ 4.72270051e-01,  6.60706659e-05,  2.02853493e-06,  2.67285165e-06,
        2.46806357e-03,  4.25562714e-02,  4.07476387e-01,  3.10587505e-03,
        3.56727403e-03,  5.83964816e-06,  0.00000000e+00,  3.58565524e-03,
        1.90957850e-04,  1.19281256e-02,  3.88162085e-05,  4.93880386e-04,
        1.13126016e-04,  9.97143878e-03,  3.68600354e-06,  5.79110902e-03,
        1.25473970e-02, -5.14672622e-09, -3.76990694e-06, -3.74923280e-06,
       -1.18436062e-05]), 'S1_conf': array([2.50891427e-02, 1.26866800e-04, 1.70231382e-05, 4.87968595e-05,
       1.77606040e-03, 7.98415622e-03, 2.26294222e-02, 2.50504957e-03,
       2.62571743e-03, 2.93175123e-05, 0.00000000e+00, 2.75762693e-03,
       5.24393296e-04, 4.46524199e-03, 4.21854746e-04, 1.03547875e-03,
       1.99708940e-04, 4.22783882e-03, 3.03577653e-05, 2.85209799e-03,
       4.35589529e-03, 1.31334711e-08, 2.63487181e-05, 3.34883187e-05,
       2.09222242e-05]), 'ST': array([4.89212985e-01, 8.00938586e-06, 1.82426006e-07, 1.72206996e-06,
       2.88698530e-03, 4.24608747e-02, 4.27247975e-01, 3.71597815e-03,
       5.10848697e-03, 5.56936858e-07, 0.00000000e+00, 3.88119882e-03,
       1.83407037e-04, 1.27852499e-02, 1.40693060e-04, 6.38235690e-04,
       3.39769279e-05, 1.14657394e-02, 5.61539193e-07, 6.11436091e-03,
       1.40672734e-02, 1.13567157e-13, 5.50051152e-07, 9.07330952e-07,
       3.69069533e-07]), 'ST_conf': array([2.32163313e-02, 5.35722846e-07, 1.22718360e-08, 1.17213854e-07,
       1.39809824e-04, 2.09748476e-03, 1.71752250e-02, 2.10478521e-04,
       2.47416397e-04, 4.21744113e-08, 0.00000000e+00, 2.55163483e-04,
       1.36166888e-05, 5.91691400e-04, 1.18417250e-05, 3.46205116e-05,
       2.75602478e-06, 5.68721349e-04, 3.12929051e-08, 3.24351225e-04,
       7.16460057e-04, 4.23542147e-14, 3.24107811e-08, 5.76135990e-08,
       2.67903920e-08])}
Result for Time
{'S1': array([ 4.72270051e-01,  6.60706659e-05,  2.02853493e-06,  2.67285165e-06,
        2.46806357e-03,  4.25562714e-02,  4.07476387e-01,  3.10587505e-03,
        3.56727403e-03,  5.83964816e-06,  0.00000000e+00,  3.58565524e-03,
        1.90957850e-04,  1.19281256e-02,  3.88162085e-05,  4.93880386e-04,
        1.13126016e-04,  9.97143878e-03,  3.68600354e-06,  5.79110902e-03,
        1.25473970e-02, -5.14672622e-09, -3.76990694e-06, -3.74923280e-06,
       -1.18436062e-05]), 'S1_conf': array([2.50891427e-02, 1.26866800e-04, 1.70231382e-05, 4.87968595e-05,
       1.77606040e-03, 7.98415622e-03, 2.26294222e-02, 2.50504957e-03,
       2.62571743e-03, 2.93175123e-05, 0.00000000e+00, 2.75762693e-03,
       5.24393296e-04, 4.46524199e-03, 4.21854746e-04, 1.03547875e-03,
       1.99708940e-04, 4.22783882e-03, 3.03577653e-05, 2.85209799e-03,
       4.35589529e-03, 1.31334711e-08, 2.63487181e-05, 3.34883187e-05,
       2.09222242e-05]), 'ST': array([4.89212985e-01, 8.00938586e-06, 1.82426006e-07, 1.72206996e-06,
       2.88698530e-03, 4.24608747e-02, 4.27247975e-01, 3.71597815e-03,
       5.10848697e-03, 5.56936858e-07, 0.00000000e+00, 3.88119882e-03,
       1.83407037e-04, 1.27852499e-02, 1.40693060e-04, 6.38235690e-04,
       3.39769279e-05, 1.14657394e-02, 5.61539193e-07, 6.11436091e-03,
       1.40672734e-02, 1.13567157e-13, 5.50051152e-07, 9.07330952e-07,
       3.69069533e-07]), 'ST_conf': array([2.32163313e-02, 5.35722846e-07, 1.22718360e-08, 1.17213854e-07,
       1.39809824e-04, 2.09748476e-03, 1.71752250e-02, 2.10478521e-04,
       2.47416397e-04, 4.21744113e-08, 0.00000000e+00, 2.55163483e-04,
       1.36166888e-05, 5.91691400e-04, 1.18417250e-05, 3.46205116e-05,
       2.75602478e-06, 5.68721349e-04, 3.12929051e-08, 3.24351225e-04,
       7.16460057e-04, 4.23542147e-14, 3.24107811e-08, 5.76135990e-08,
       2.67903920e-08])}