Result for Konzentration
{'S1': array([-2.96514690e-03,  0.00000000e+00,  1.58479573e-04, -1.30949179e-04,
        2.34958643e-04, -1.47703738e-02, -3.43415965e-04,  5.16564974e-03,
        3.44548324e-03,  2.49973758e-02,  0.00000000e+00,  0.00000000e+00,
       -8.36411820e-04,  3.83658372e-03,  0.00000000e+00,  0.00000000e+00,
        2.16952354e-05,  3.50923114e-02, -6.14151742e-04,  3.29095623e-03,
        2.55142097e-01,  3.44065289e-04, -5.05551261e-03, -7.14984994e-04,
       -4.31011842e-04]), 'S1_conf': array([1.37083711e-01, 0.00000000e+00, 6.70498969e-03, 6.85195119e-03,
       1.25565793e-02, 6.40930116e-01, 1.57246393e-02, 2.24821460e-01,
       1.28409635e-01, 6.90672556e-01, 0.00000000e+00, 0.00000000e+00,
       2.77131924e-02, 1.63073164e-01, 0.00000000e+00, 0.00000000e+00,
       2.09158051e-03, 2.91148324e+00, 2.95238068e-02, 1.55230624e-01,
       1.15745085e+00, 1.81799709e-02, 2.42412517e-01, 3.10520699e-02,
       2.03204047e-02]), 'ST': array([3.93981608e-03, 0.00000000e+00, 5.40793881e-06, 7.46121637e-06,
       2.60184462e-05, 5.18362211e-02, 3.41897487e-05, 5.21401176e-03,
       1.47652456e-03, 4.25268635e-02, 0.00000000e+00, 0.00000000e+00,
       1.25556194e-04, 3.22360836e-03, 0.00000000e+00, 0.00000000e+00,
       9.72562035e-07, 8.81633924e-01, 2.44444530e-04, 3.51509801e-03,
       1.89825271e-01, 4.58035156e-05, 1.28540496e-02, 1.21209780e-04,
       5.92466285e-05]), 'ST_conf': array([1.49926433e-01, 0.00000000e+00, 2.34278199e-04, 3.11858736e-04,
       1.07968293e-03, 2.24830215e+00, 1.47884084e-03, 2.25035038e-01,
       6.00675393e-02, 2.59144608e+00, 0.00000000e+00, 0.00000000e+00,
       4.11771973e-03, 1.39679130e-01, 0.00000000e+00, 0.00000000e+00,
       3.75647672e-05, 6.90684582e+01, 8.74295392e-03, 1.51266605e-01,
       1.27746158e+01, 1.64308698e-03, 4.85958440e-01, 5.25701974e-03,
       2.54623541e-03])}
Result for Time
{'S1': array([-2.96514690e-03,  0.00000000e+00,  1.58479573e-04, -1.30949179e-04,
        2.34958643e-04, -1.47703738e-02, -3.43415965e-04,  5.16564974e-03,
        3.44548324e-03,  2.49973758e-02,  0.00000000e+00,  0.00000000e+00,
       -8.36411820e-04,  3.83658372e-03,  0.00000000e+00,  0.00000000e+00,
        2.16952354e-05,  3.50923114e-02, -6.14151742e-04,  3.29095623e-03,
        2.55142097e-01,  3.44065289e-04, -5.05551261e-03, -7.14984994e-04,
       -4.31011842e-04]), 'S1_conf': array([1.37083711e-01, 0.00000000e+00, 6.70498969e-03, 6.85195119e-03,
       1.25565793e-02, 6.40930116e-01, 1.57246393e-02, 2.24821460e-01,
       1.28409635e-01, 6.90672556e-01, 0.00000000e+00, 0.00000000e+00,
       2.77131924e-02, 1.63073164e-01, 0.00000000e+00, 0.00000000e+00,
       2.09158051e-03, 2.91148324e+00, 2.95238068e-02, 1.55230624e-01,
       1.15745085e+00, 1.81799709e-02, 2.42412517e-01, 3.10520699e-02,
       2.03204047e-02]), 'ST': array([3.93981608e-03, 0.00000000e+00, 5.40793881e-06, 7.46121637e-06,
       2.60184462e-05, 5.18362211e-02, 3.41897487e-05, 5.21401176e-03,
       1.47652456e-03, 4.25268635e-02, 0.00000000e+00, 0.00000000e+00,
       1.25556194e-04, 3.22360836e-03, 0.00000000e+00, 0.00000000e+00,
       9.72562035e-07, 8.81633924e-01, 2.44444530e-04, 3.51509801e-03,
       1.89825271e-01, 4.58035156e-05, 1.28540496e-02, 1.21209780e-04,
       5.92466285e-05]), 'ST_conf': array([1.49926433e-01, 0.00000000e+00, 2.34278199e-04, 3.11858736e-04,
       1.07968293e-03, 2.24830215e+00, 1.47884084e-03, 2.25035038e-01,
       6.00675393e-02, 2.59144608e+00, 0.00000000e+00, 0.00000000e+00,
       4.11771973e-03, 1.39679130e-01, 0.00000000e+00, 0.00000000e+00,
       3.75647672e-05, 6.90684582e+01, 8.74295392e-03, 1.51266605e-01,
       1.27746158e+01, 1.64308698e-03, 4.85958440e-01, 5.25701974e-03,
       2.54623541e-03])}