Result for Konzentration
{'S1': array([ 1.87364796e-01,  3.70010843e-03,  4.78858954e-05,  7.09285185e-05,
        1.43038665e-04,  8.71198178e-02,  2.98774493e-02,  2.82136834e-02,
        1.22661523e-01,  9.64664065e-04,  0.00000000e+00,  0.00000000e+00,
        3.71092368e-02,  1.33192875e-01,  3.52768311e-02,  3.86349064e-03,
        2.65295137e-02,  3.78008871e-02,  9.98132850e-03,  1.60285225e-02,
        1.47687332e-01,  4.59114266e-05,  7.51290991e-02,  4.52516113e-05,
       -2.49734821e-05]), 'S1_conf': array([0.0174583 , 0.00234143, 0.00015825, 0.00023141, 0.00036059,
       0.01153713, 0.00815488, 0.00753056, 0.01390224, 0.00109359,
       0.        , 0.        , 0.00712978, 0.0131502 , 0.00717542,
       0.00259447, 0.0066181 , 0.00769968, 0.00401168, 0.00507783,
       0.01615917, 0.00020667, 0.01011735, 0.0002162 , 0.00014014]), 'ST': array([1.99724119e-01, 3.34658924e-03, 1.51560033e-05, 3.41783983e-05,
       8.71550738e-05, 9.09050422e-02, 3.86826131e-02, 3.19495346e-02,
       1.28132964e-01, 9.88918725e-04, 0.00000000e+00, 0.00000000e+00,
       3.74067575e-02, 1.37785554e-01, 3.55657271e-02, 3.67903115e-03,
       2.69485771e-02, 3.88931384e-02, 1.03315590e-02, 1.82556985e-02,
       1.50687589e-01, 2.38227253e-05, 7.40880314e-02, 2.82847328e-05,
       1.19449322e-05]), 'ST_conf': array([7.98455832e-03, 1.29136256e-04, 8.58718729e-07, 1.75107992e-06,
       3.94351141e-06, 4.38529561e-03, 1.99851816e-03, 1.72445279e-03,
       5.66313191e-03, 4.59059722e-05, 0.00000000e+00, 0.00000000e+00,
       1.67129089e-03, 6.23130861e-03, 1.53550850e-03, 1.67165224e-04,
       1.46005334e-03, 1.92050064e-03, 5.53565153e-04, 9.87800458e-04,
       6.48611679e-03, 1.06527042e-06, 2.88372906e-03, 1.30734661e-06,
       5.30038373e-07])}
Result for Time
{'S1': array([ 1.87364796e-01,  3.70010843e-03,  4.78858954e-05,  7.09285185e-05,
        1.43038665e-04,  8.71198178e-02,  2.98774493e-02,  2.82136834e-02,
        1.22661523e-01,  9.64664065e-04,  0.00000000e+00,  0.00000000e+00,
        3.71092368e-02,  1.33192875e-01,  3.52768311e-02,  3.86349064e-03,
        2.65295137e-02,  3.78008871e-02,  9.98132850e-03,  1.60285225e-02,
        1.47687332e-01,  4.59114266e-05,  7.51290991e-02,  4.52516113e-05,
       -2.49734821e-05]), 'S1_conf': array([0.0174583 , 0.00234143, 0.00015825, 0.00023141, 0.00036059,
       0.01153713, 0.00815488, 0.00753056, 0.01390224, 0.00109359,
       0.        , 0.        , 0.00712978, 0.0131502 , 0.00717542,
       0.00259447, 0.0066181 , 0.00769968, 0.00401168, 0.00507783,
       0.01615917, 0.00020667, 0.01011735, 0.0002162 , 0.00014014]), 'ST': array([1.99724119e-01, 3.34658924e-03, 1.51560033e-05, 3.41783983e-05,
       8.71550738e-05, 9.09050422e-02, 3.86826131e-02, 3.19495346e-02,
       1.28132964e-01, 9.88918725e-04, 0.00000000e+00, 0.00000000e+00,
       3.74067575e-02, 1.37785554e-01, 3.55657271e-02, 3.67903115e-03,
       2.69485771e-02, 3.88931384e-02, 1.03315590e-02, 1.82556985e-02,
       1.50687589e-01, 2.38227253e-05, 7.40880314e-02, 2.82847328e-05,
       1.19449322e-05]), 'ST_conf': array([7.98455832e-03, 1.29136256e-04, 8.58718729e-07, 1.75107992e-06,
       3.94351141e-06, 4.38529561e-03, 1.99851816e-03, 1.72445279e-03,
       5.66313191e-03, 4.59059722e-05, 0.00000000e+00, 0.00000000e+00,
       1.67129089e-03, 6.23130861e-03, 1.53550850e-03, 1.67165224e-04,
       1.46005334e-03, 1.92050064e-03, 5.53565153e-04, 9.87800458e-04,
       6.48611679e-03, 1.06527042e-06, 2.88372906e-03, 1.30734661e-06,
       5.30038373e-07])}