Result for Konzentration
{'S1': array([ 8.06205215e-02,  2.07182519e-03,  1.01932712e-07,  4.95893899e-06,
        1.03995396e-04,  5.35150927e-02,  3.77206799e-03,  7.90552252e-02,
        8.55093342e-02,  8.90116288e-04,  2.02746990e-01,  0.00000000e+00,
        1.35409392e-03,  9.03728389e-02,  4.14868122e-04,  1.89120246e-02,
       -7.96318086e-05,  9.99051368e-02,  2.83236496e-03,  2.52644925e-02,
        9.19947308e-02,  5.11276219e-05,  6.69495778e-02,  0.00000000e+00,
        0.00000000e+00]), 'S1_conf': array([1.26727308e-02, 1.49017740e-03, 2.97024759e-07, 2.78627895e-05,
       3.55300198e-04, 9.14342957e-03, 3.83340249e-03, 1.39293513e-02,
       1.16072856e-02, 1.05506377e-03, 1.95134534e-02, 0.00000000e+00,
       2.33180853e-03, 1.26104525e-02, 2.67803609e-03, 5.81565303e-03,
       2.52127908e-03, 1.30247881e-02, 2.76731686e-03, 8.25765060e-03,
       1.25717078e-02, 2.03889213e-04, 1.01901623e-02, 0.00000000e+00,
       0.00000000e+00]), 'ST': array([1.09852169e-01, 1.67720895e-03, 7.51491526e-11, 4.77853766e-07,
       8.28113944e-05, 6.85825846e-02, 1.13910081e-02, 1.04918712e-01,
       1.01963769e-01, 1.06541453e-03, 2.31783700e-01, 0.00000000e+00,
       4.32187969e-03, 1.07934931e-01, 4.89659990e-03, 2.18736717e-02,
       3.45731466e-03, 1.18176641e-01, 4.29334684e-03, 3.89352719e-02,
       1.13627981e-01, 2.90345956e-05, 7.32979951e-02, 0.00000000e+00,
       0.00000000e+00]), 'ST_conf': array([6.58138731e-03, 9.46313816e-05, 5.09216141e-11, 2.96214762e-08,
       4.26012477e-06, 4.33088537e-03, 1.03032791e-03, 7.15171954e-03,
       5.64624598e-03, 6.39568925e-05, 1.39694248e-02, 0.00000000e+00,
       3.55020312e-04, 5.95475505e-03, 8.08508684e-04, 1.30586596e-03,
       4.74125687e-04, 7.42780147e-03, 3.35421930e-04, 2.72722750e-03,
       5.52754790e-03, 1.93322805e-06, 4.02259184e-03, 0.00000000e+00,
       0.00000000e+00])}
Result for Time
{'S1': array([ 8.06205215e-02,  2.07182519e-03,  1.01932712e-07,  4.95893899e-06,
        1.03995396e-04,  5.35150927e-02,  3.77206799e-03,  7.90552252e-02,
        8.55093342e-02,  8.90116288e-04,  2.02746990e-01,  0.00000000e+00,
        1.35409392e-03,  9.03728389e-02,  4.14868122e-04,  1.89120246e-02,
       -7.96318086e-05,  9.99051368e-02,  2.83236496e-03,  2.52644925e-02,
        9.19947308e-02,  5.11276219e-05,  6.69495778e-02,  0.00000000e+00,
        0.00000000e+00]), 'S1_conf': array([1.26727308e-02, 1.49017740e-03, 2.97024759e-07, 2.78627895e-05,
       3.55300198e-04, 9.14342957e-03, 3.83340249e-03, 1.39293513e-02,
       1.16072856e-02, 1.05506377e-03, 1.95134534e-02, 0.00000000e+00,
       2.33180853e-03, 1.26104525e-02, 2.67803609e-03, 5.81565303e-03,
       2.52127908e-03, 1.30247881e-02, 2.76731686e-03, 8.25765060e-03,
       1.25717078e-02, 2.03889213e-04, 1.01901623e-02, 0.00000000e+00,
       0.00000000e+00]), 'ST': array([1.09852169e-01, 1.67720895e-03, 7.51491526e-11, 4.77853766e-07,
       8.28113944e-05, 6.85825846e-02, 1.13910081e-02, 1.04918712e-01,
       1.01963769e-01, 1.06541453e-03, 2.31783700e-01, 0.00000000e+00,
       4.32187969e-03, 1.07934931e-01, 4.89659990e-03, 2.18736717e-02,
       3.45731466e-03, 1.18176641e-01, 4.29334684e-03, 3.89352719e-02,
       1.13627981e-01, 2.90345956e-05, 7.32979951e-02, 0.00000000e+00,
       0.00000000e+00]), 'ST_conf': array([6.58138731e-03, 9.46313816e-05, 5.09216141e-11, 2.96214762e-08,
       4.26012477e-06, 4.33088537e-03, 1.03032791e-03, 7.15171954e-03,
       5.64624598e-03, 6.39568925e-05, 1.39694248e-02, 0.00000000e+00,
       3.55020312e-04, 5.95475505e-03, 8.08508684e-04, 1.30586596e-03,
       4.74125687e-04, 7.42780147e-03, 3.35421930e-04, 2.72722750e-03,
       5.52754790e-03, 1.93322805e-06, 4.02259184e-03, 0.00000000e+00,
       0.00000000e+00])}