Result for Konzentration
{'S1': array([ 4.74416618e-01, -2.65527528e-18, -9.64249858e-07, -9.39956358e-06,
        2.98917224e-03,  4.31800417e-02,  3.95974424e-01,  4.48272214e-03,
        4.58980533e-03, -8.42284394e-07,  0.00000000e+00, -2.68105899e-18,
        2.36303992e-05,  1.29526593e-02, -3.78472618e-18,  7.26824611e-19,
        4.37984555e-06,  1.22200007e-02,  4.79433903e-06,  1.27703454e-02,
        1.38750194e-02,  2.97961511e-08, -6.00440357e-06, -6.82691021e-06,
       -1.26390926e-05]), 'S1_conf': array([2.44562616e-02, 7.15521020e-18, 2.94313479e-05, 7.58577465e-05,
       2.10173090e-03, 8.74914068e-03, 2.32253086e-02, 2.85902250e-03,
       3.01162996e-03, 4.26235805e-05, 0.00000000e+00, 4.53434091e-18,
       1.36236267e-04, 4.64708504e-03, 6.95534863e-18, 3.58843572e-18,
       2.00269331e-05, 5.37578711e-03, 2.85499434e-05, 4.26756164e-03,
       4.84677049e-03, 5.82785967e-08, 3.67511117e-05, 5.63143414e-05,
       3.58194633e-05]), 'ST': array([4.90685756e-01, 3.17953105e-32, 6.25428558e-07, 4.43118141e-06,
       3.71013473e-03, 4.31718904e-02, 4.14433804e-01, 5.17230851e-03,
       6.39682355e-03, 1.02280700e-06, 0.00000000e+00, 3.47065686e-32,
       1.47024579e-05, 1.39043939e-02, 2.22517493e-32, 3.42147349e-32,
       2.18500701e-07, 1.37818477e-02, 6.59882472e-07, 1.26211773e-02,
       1.58102840e-02, 5.21562548e-12, 7.45133516e-07, 2.40733570e-06,
       8.60734912e-07]), 'ST_conf': array([1.75455287e-02, 2.90662310e-32, 4.73149232e-08, 2.76560097e-07,
       1.65144402e-04, 1.98998707e-03, 1.79805793e-02, 2.61110646e-04,
       3.14871880e-04, 8.56403127e-08, 0.00000000e+00, 4.08462473e-32,
       8.99943050e-07, 7.63712996e-04, 1.55025510e-32, 3.99727490e-32,
       1.80634279e-08, 6.70989935e-04, 2.83419119e-08, 5.84813439e-04,
       7.37145023e-04, 9.82405444e-12, 3.59227298e-08, 1.75300748e-07,
       8.92994591e-08])}
Result for Time
{'S1': array([ 4.74416618e-01, -2.65527528e-18, -9.64249858e-07, -9.39956358e-06,
        2.98917224e-03,  4.31800417e-02,  3.95974424e-01,  4.48272214e-03,
        4.58980533e-03, -8.42284394e-07,  0.00000000e+00, -2.68105899e-18,
        2.36303992e-05,  1.29526593e-02, -3.78472618e-18,  7.26824611e-19,
        4.37984555e-06,  1.22200007e-02,  4.79433903e-06,  1.27703454e-02,
        1.38750194e-02,  2.97961511e-08, -6.00440357e-06, -6.82691021e-06,
       -1.26390926e-05]), 'S1_conf': array([2.44562616e-02, 7.15521020e-18, 2.94313479e-05, 7.58577465e-05,
       2.10173090e-03, 8.74914068e-03, 2.32253086e-02, 2.85902250e-03,
       3.01162996e-03, 4.26235805e-05, 0.00000000e+00, 4.53434091e-18,
       1.36236267e-04, 4.64708504e-03, 6.95534863e-18, 3.58843572e-18,
       2.00269331e-05, 5.37578711e-03, 2.85499434e-05, 4.26756164e-03,
       4.84677049e-03, 5.82785967e-08, 3.67511117e-05, 5.63143414e-05,
       3.58194633e-05]), 'ST': array([4.90685756e-01, 3.17953105e-32, 6.25428558e-07, 4.43118141e-06,
       3.71013473e-03, 4.31718904e-02, 4.14433804e-01, 5.17230851e-03,
       6.39682355e-03, 1.02280700e-06, 0.00000000e+00, 3.47065686e-32,
       1.47024579e-05, 1.39043939e-02, 2.22517493e-32, 3.42147349e-32,
       2.18500701e-07, 1.37818477e-02, 6.59882472e-07, 1.26211773e-02,
       1.58102840e-02, 5.21562548e-12, 7.45133516e-07, 2.40733570e-06,
       8.60734912e-07]), 'ST_conf': array([1.75455287e-02, 2.90662310e-32, 4.73149232e-08, 2.76560097e-07,
       1.65144402e-04, 1.98998707e-03, 1.79805793e-02, 2.61110646e-04,
       3.14871880e-04, 8.56403127e-08, 0.00000000e+00, 4.08462473e-32,
       8.99943050e-07, 7.63712996e-04, 1.55025510e-32, 3.99727490e-32,
       1.80634279e-08, 6.70989935e-04, 2.83419119e-08, 5.84813439e-04,
       7.37145023e-04, 9.82405444e-12, 3.59227298e-08, 1.75300748e-07,
       8.92994591e-08])}