Result for Konzentration
{'S1': array([ 1.87364796e-01,  3.70010843e-03,  4.78858954e-05,  7.09285185e-05,
        1.43038665e-04,  8.71198178e-02,  2.98774493e-02,  2.82136834e-02,
        1.22661523e-01,  9.64664065e-04,  0.00000000e+00,  0.00000000e+00,
        3.71092368e-02,  1.33192875e-01,  3.52768311e-02,  3.86349064e-03,
        2.65295137e-02,  3.78008871e-02,  9.98132850e-03,  1.60285225e-02,
        1.47687332e-01,  4.59114266e-05,  7.51290991e-02,  4.52516113e-05,
       -2.49734821e-05]), 'S1_conf': array([0.01429972, 0.00217154, 0.00015884, 0.00020941, 0.00039684,
       0.0115822 , 0.00728226, 0.00691298, 0.01411194, 0.00116214,
       0.        , 0.        , 0.00695126, 0.01360612, 0.00598379,
       0.00259197, 0.00616648, 0.00701   , 0.00389279, 0.00504855,
       0.0147201 , 0.00018253, 0.00945981, 0.00020838, 0.00012875]), 'ST': array([1.99724119e-01, 3.34658924e-03, 1.51560033e-05, 3.41783983e-05,
       8.71550738e-05, 9.09050422e-02, 3.86826131e-02, 3.19495346e-02,
       1.28132964e-01, 9.88918725e-04, 0.00000000e+00, 0.00000000e+00,
       3.74067575e-02, 1.37785554e-01, 3.55657271e-02, 3.67903115e-03,
       2.69485771e-02, 3.88931384e-02, 1.03315590e-02, 1.82556985e-02,
       1.50687589e-01, 2.38227253e-05, 7.40880314e-02, 2.82847328e-05,
       1.19449322e-05]), 'ST_conf': array([1.01086498e-02, 1.70573458e-04, 7.83612513e-07, 1.60906251e-06,
       4.28007460e-06, 4.28629369e-03, 2.03464487e-03, 1.66321284e-03,
       5.98341330e-03, 4.99862946e-05, 0.00000000e+00, 0.00000000e+00,
       1.65825669e-03, 6.29996793e-03, 1.75784153e-03, 1.81941697e-04,
       1.19838489e-03, 2.05057883e-03, 5.15512384e-04, 9.62309048e-04,
       6.77590588e-03, 1.32946031e-06, 3.35830941e-03, 1.50199580e-06,
       6.29517983e-07])}
Result for Time
{'S1': array([ 1.87364796e-01,  3.70010843e-03,  4.78858954e-05,  7.09285185e-05,
        1.43038665e-04,  8.71198178e-02,  2.98774493e-02,  2.82136834e-02,
        1.22661523e-01,  9.64664065e-04,  0.00000000e+00,  0.00000000e+00,
        3.71092368e-02,  1.33192875e-01,  3.52768311e-02,  3.86349064e-03,
        2.65295137e-02,  3.78008871e-02,  9.98132850e-03,  1.60285225e-02,
        1.47687332e-01,  4.59114266e-05,  7.51290991e-02,  4.52516113e-05,
       -2.49734821e-05]), 'S1_conf': array([0.01429972, 0.00217154, 0.00015884, 0.00020941, 0.00039684,
       0.0115822 , 0.00728226, 0.00691298, 0.01411194, 0.00116214,
       0.        , 0.        , 0.00695126, 0.01360612, 0.00598379,
       0.00259197, 0.00616648, 0.00701   , 0.00389279, 0.00504855,
       0.0147201 , 0.00018253, 0.00945981, 0.00020838, 0.00012875]), 'ST': array([1.99724119e-01, 3.34658924e-03, 1.51560033e-05, 3.41783983e-05,
       8.71550738e-05, 9.09050422e-02, 3.86826131e-02, 3.19495346e-02,
       1.28132964e-01, 9.88918725e-04, 0.00000000e+00, 0.00000000e+00,
       3.74067575e-02, 1.37785554e-01, 3.55657271e-02, 3.67903115e-03,
       2.69485771e-02, 3.88931384e-02, 1.03315590e-02, 1.82556985e-02,
       1.50687589e-01, 2.38227253e-05, 7.40880314e-02, 2.82847328e-05,
       1.19449322e-05]), 'ST_conf': array([1.01086498e-02, 1.70573458e-04, 7.83612513e-07, 1.60906251e-06,
       4.28007460e-06, 4.28629369e-03, 2.03464487e-03, 1.66321284e-03,
       5.98341330e-03, 4.99862946e-05, 0.00000000e+00, 0.00000000e+00,
       1.65825669e-03, 6.29996793e-03, 1.75784153e-03, 1.81941697e-04,
       1.19838489e-03, 2.05057883e-03, 5.15512384e-04, 9.62309048e-04,
       6.77590588e-03, 1.32946031e-06, 3.35830941e-03, 1.50199580e-06,
       6.29517983e-07])}