Result for Konzentration
{'S1': array([ 1.84695833e-01,  3.79260214e-03, -2.19039542e-08,  4.80638580e-06,
        1.49262060e-04,  8.65084449e-02,  2.90094611e-02,  2.82703941e-02,
        1.22589891e-01,  9.72237712e-04,  0.00000000e+00,  0.00000000e+00,
        3.70302169e-02,  1.33566326e-01,  3.65146624e-02,  4.00564950e-03,
        2.75485806e-02,  3.80296464e-02,  9.85415941e-03,  1.62304958e-02,
        1.47971466e-01,  4.51616808e-05,  7.56936976e-02,  0.00000000e+00,
        0.00000000e+00]), 'S1_conf': array([1.68843327e-02, 2.08424194e-03, 1.17138461e-07, 4.20106328e-05,
       3.72981707e-04, 1.35107660e-02, 7.18370720e-03, 6.93174969e-03,
       1.43927024e-02, 1.17129092e-03, 0.00000000e+00, 0.00000000e+00,
       7.90035545e-03, 1.41655523e-02, 7.12727927e-03, 2.33975754e-03,
       6.39982814e-03, 7.78390849e-03, 4.26992742e-03, 4.37514414e-03,
       1.52488594e-02, 2.10392211e-04, 9.93431710e-03, 0.00000000e+00,
       0.00000000e+00]), 'ST': array([1.97183320e-01, 3.43504637e-03, 1.12739447e-11, 1.27119529e-06,
       8.76875463e-05, 9.04063988e-02, 3.77488910e-02, 3.20879579e-02,
       1.28150572e-01, 9.92305850e-04, 0.00000000e+00, 0.00000000e+00,
       3.73156147e-02, 1.38227058e-01, 3.68323100e-02, 3.82466095e-03,
       2.79827713e-02, 3.91608224e-02, 1.02295662e-02, 1.85193842e-02,
       1.51044663e-01, 2.40583851e-05, 7.46460677e-02, 0.00000000e+00,
       0.00000000e+00]), 'ST_conf': array([9.30371991e-03, 1.51556075e-04, 4.11784469e-12, 6.55687501e-08,
       3.98467129e-06, 4.34757766e-03, 1.74367879e-03, 1.67226118e-03,
       5.84519687e-03, 3.93971436e-05, 0.00000000e+00, 0.00000000e+00,
       1.77116207e-03, 6.36012846e-03, 1.95587977e-03, 2.05446517e-04,
       1.36953802e-03, 1.90496488e-03, 4.73096324e-04, 9.94657854e-04,
       6.41687084e-03, 1.28419494e-06, 3.09551688e-03, 0.00000000e+00,
       0.00000000e+00])}
Result for Time
{'S1': array([ 1.84695833e-01,  3.79260214e-03, -2.19039542e-08,  4.80638580e-06,
        1.49262060e-04,  8.65084449e-02,  2.90094611e-02,  2.82703941e-02,
        1.22589891e-01,  9.72237712e-04,  0.00000000e+00,  0.00000000e+00,
        3.70302169e-02,  1.33566326e-01,  3.65146624e-02,  4.00564950e-03,
        2.75485806e-02,  3.80296464e-02,  9.85415941e-03,  1.62304958e-02,
        1.47971466e-01,  4.51616808e-05,  7.56936976e-02,  0.00000000e+00,
        0.00000000e+00]), 'S1_conf': array([1.68843327e-02, 2.08424194e-03, 1.17138461e-07, 4.20106328e-05,
       3.72981707e-04, 1.35107660e-02, 7.18370720e-03, 6.93174969e-03,
       1.43927024e-02, 1.17129092e-03, 0.00000000e+00, 0.00000000e+00,
       7.90035545e-03, 1.41655523e-02, 7.12727927e-03, 2.33975754e-03,
       6.39982814e-03, 7.78390849e-03, 4.26992742e-03, 4.37514414e-03,
       1.52488594e-02, 2.10392211e-04, 9.93431710e-03, 0.00000000e+00,
       0.00000000e+00]), 'ST': array([1.97183320e-01, 3.43504637e-03, 1.12739447e-11, 1.27119529e-06,
       8.76875463e-05, 9.04063988e-02, 3.77488910e-02, 3.20879579e-02,
       1.28150572e-01, 9.92305850e-04, 0.00000000e+00, 0.00000000e+00,
       3.73156147e-02, 1.38227058e-01, 3.68323100e-02, 3.82466095e-03,
       2.79827713e-02, 3.91608224e-02, 1.02295662e-02, 1.85193842e-02,
       1.51044663e-01, 2.40583851e-05, 7.46460677e-02, 0.00000000e+00,
       0.00000000e+00]), 'ST_conf': array([9.30371991e-03, 1.51556075e-04, 4.11784469e-12, 6.55687501e-08,
       3.98467129e-06, 4.34757766e-03, 1.74367879e-03, 1.67226118e-03,
       5.84519687e-03, 3.93971436e-05, 0.00000000e+00, 0.00000000e+00,
       1.77116207e-03, 6.36012846e-03, 1.95587977e-03, 2.05446517e-04,
       1.36953802e-03, 1.90496488e-03, 4.73096324e-04, 9.94657854e-04,
       6.41687084e-03, 1.28419494e-06, 3.09551688e-03, 0.00000000e+00,
       0.00000000e+00])}