Result for Konzentration
{'S1': array([ 8.17363584e-02,  2.01318413e-03,  1.26570348e-05,  2.76316648e-05,
        1.04416916e-04,  5.39615303e-02,  3.95431834e-03,  7.95368398e-02,
        8.55956287e-02,  8.75719385e-04,  2.04801200e-01,  0.00000000e+00,
        1.42920996e-03,  9.00758804e-02,  4.10697704e-04,  1.82065071e-02,
       -1.45077612e-04,  1.00120479e-01,  2.88398849e-03,  2.50773476e-02,
        9.17459384e-02,  5.31427340e-05,  6.63543757e-02,  1.79666175e-06,
        1.16649863e-05]), 'S1_conf': array([0.0126896 , 0.00134343, 0.00012568, 0.00018309, 0.00035811,
       0.00907015, 0.00461168, 0.01479357, 0.01262107, 0.00124512,
       0.0180961 , 0.        , 0.00243729, 0.01315078, 0.0023749 ,
       0.00545886, 0.00180216, 0.01169806, 0.00245568, 0.00753039,
       0.01420998, 0.00020691, 0.00816218, 0.00019764, 0.00013519]), 'ST': array([1.10242372e-01, 1.62269648e-03, 1.25527729e-05, 2.26476885e-05,
       8.16993859e-05, 6.85059518e-02, 1.15239212e-02, 1.04840883e-01,
       1.01341687e-01, 1.05307476e-03, 2.33476992e-01, 0.00000000e+00,
       4.40511793e-03, 1.06992175e-01, 4.73199544e-03, 2.09447057e-02,
       3.34786864e-03, 1.17758376e-01, 4.30092778e-03, 3.81759871e-02,
       1.12688220e-01, 2.86864797e-05, 7.23828258e-02, 2.10648442e-05,
       1.14978484e-05]), 'ST_conf': array([6.95868828e-03, 1.03071901e-04, 7.95907967e-07, 1.37203263e-06,
       4.82492316e-06, 3.95465375e-03, 9.86418603e-04, 7.06957266e-03,
       5.50016620e-03, 7.09043712e-05, 1.24169135e-02, 0.00000000e+00,
       3.49428770e-04, 5.98315756e-03, 6.67410687e-04, 1.42275336e-03,
       4.39821190e-04, 6.41809851e-03, 3.15550364e-04, 2.63593130e-03,
       5.91783913e-03, 1.76097969e-06, 4.12500138e-03, 1.19930459e-06,
       7.65483771e-07])}
Result for Time
{'S1': array([ 8.17363584e-02,  2.01318413e-03,  1.26570348e-05,  2.76316648e-05,
        1.04416916e-04,  5.39615303e-02,  3.95431834e-03,  7.95368398e-02,
        8.55956287e-02,  8.75719385e-04,  2.04801200e-01,  0.00000000e+00,
        1.42920996e-03,  9.00758804e-02,  4.10697704e-04,  1.82065071e-02,
       -1.45077612e-04,  1.00120479e-01,  2.88398849e-03,  2.50773476e-02,
        9.17459384e-02,  5.31427340e-05,  6.63543757e-02,  1.79666175e-06,
        1.16649863e-05]), 'S1_conf': array([0.0126896 , 0.00134343, 0.00012568, 0.00018309, 0.00035811,
       0.00907015, 0.00461168, 0.01479357, 0.01262107, 0.00124512,
       0.0180961 , 0.        , 0.00243729, 0.01315078, 0.0023749 ,
       0.00545886, 0.00180216, 0.01169806, 0.00245568, 0.00753039,
       0.01420998, 0.00020691, 0.00816218, 0.00019764, 0.00013519]), 'ST': array([1.10242372e-01, 1.62269648e-03, 1.25527729e-05, 2.26476885e-05,
       8.16993859e-05, 6.85059518e-02, 1.15239212e-02, 1.04840883e-01,
       1.01341687e-01, 1.05307476e-03, 2.33476992e-01, 0.00000000e+00,
       4.40511793e-03, 1.06992175e-01, 4.73199544e-03, 2.09447057e-02,
       3.34786864e-03, 1.17758376e-01, 4.30092778e-03, 3.81759871e-02,
       1.12688220e-01, 2.86864797e-05, 7.23828258e-02, 2.10648442e-05,
       1.14978484e-05]), 'ST_conf': array([6.95868828e-03, 1.03071901e-04, 7.95907967e-07, 1.37203263e-06,
       4.82492316e-06, 3.95465375e-03, 9.86418603e-04, 7.06957266e-03,
       5.50016620e-03, 7.09043712e-05, 1.24169135e-02, 0.00000000e+00,
       3.49428770e-04, 5.98315756e-03, 6.67410687e-04, 1.42275336e-03,
       4.39821190e-04, 6.41809851e-03, 3.15550364e-04, 2.63593130e-03,
       5.91783913e-03, 1.76097969e-06, 4.12500138e-03, 1.19930459e-06,
       7.65483771e-07])}