Result for Konzentration
{'S1': array([ 4.72011932e-01,  7.16026290e-05, -1.74226538e-06,  3.98376139e-06,
        2.59914676e-03,  4.27669125e-02,  4.04462011e-01,  4.05719386e-03,
        3.91480652e-03,  4.50236840e-06,  5.18126320e-05,  2.57518308e-05,
        3.58516988e-05,  1.25013261e-02,  1.04662072e-04,  5.86518685e-04,
        9.95513058e-06,  1.25164771e-02,  3.34203969e-06,  7.72471777e-03,
        1.30593068e-02,  1.02714040e-09, -2.30749417e-06,  2.13154845e-07,
        4.16192587e-07]), 'S1_conf': array([2.58420762e-02, 1.09934224e-04, 8.93453752e-06, 2.03669496e-05,
       2.37235822e-03, 7.49228558e-03, 2.01459113e-02, 2.62769029e-03,
       3.21485261e-03, 3.16869885e-05, 5.96111963e-04, 3.73080893e-04,
       9.81820445e-05, 4.45521925e-03, 8.46921014e-05, 1.11889086e-03,
       4.74686599e-05, 4.66654234e-03, 2.81295016e-05, 3.59126789e-03,
       4.66453362e-03, 1.12614438e-08, 3.17883984e-05, 1.48001861e-05,
       1.14816445e-05]), 'ST': array([4.89249063e-01, 6.19602070e-06, 5.19078683e-08, 2.59712260e-07,
       3.14104912e-03, 4.26216385e-02, 4.24471972e-01, 4.73013611e-03,
       5.52276647e-03, 6.64780513e-07, 2.71832208e-04, 1.03407810e-04,
       7.45184934e-06, 1.33102844e-02, 4.90743674e-06, 7.82963170e-04,
       2.15282504e-06, 1.39575157e-02, 5.99083632e-07, 7.46476661e-03,
       1.47788757e-02, 9.29590091e-14, 6.07408360e-07, 1.64997642e-07,
       9.87541284e-08]), 'ST_conf': array([1.97233983e-02, 3.86174632e-07, 3.63914468e-09, 1.61774612e-08,
       1.66250575e-04, 1.95421595e-03, 1.63626424e-02, 2.46244044e-04,
       2.67441610e-04, 5.02629906e-08, 2.52339499e-05, 9.36577830e-06,
       7.73093040e-07, 6.91278094e-04, 5.86755860e-07, 4.34568540e-05,
       1.93339674e-07, 7.29080525e-04, 2.76387766e-08, 3.78911280e-04,
       7.40205702e-04, 8.61423546e-15, 3.43100739e-08, 1.00362396e-08,
       6.35048869e-09])}
Result for Time
{'S1': array([ 4.72011932e-01,  7.16026290e-05, -1.74226538e-06,  3.98376139e-06,
        2.59914676e-03,  4.27669125e-02,  4.04462011e-01,  4.05719386e-03,
        3.91480652e-03,  4.50236840e-06,  5.18126320e-05,  2.57518308e-05,
        3.58516988e-05,  1.25013261e-02,  1.04662072e-04,  5.86518685e-04,
        9.95513058e-06,  1.25164771e-02,  3.34203969e-06,  7.72471777e-03,
        1.30593068e-02,  1.02714040e-09, -2.30749417e-06,  2.13154845e-07,
        4.16192587e-07]), 'S1_conf': array([2.58420762e-02, 1.09934224e-04, 8.93453752e-06, 2.03669496e-05,
       2.37235822e-03, 7.49228558e-03, 2.01459113e-02, 2.62769029e-03,
       3.21485261e-03, 3.16869885e-05, 5.96111963e-04, 3.73080893e-04,
       9.81820445e-05, 4.45521925e-03, 8.46921014e-05, 1.11889086e-03,
       4.74686599e-05, 4.66654234e-03, 2.81295016e-05, 3.59126789e-03,
       4.66453362e-03, 1.12614438e-08, 3.17883984e-05, 1.48001861e-05,
       1.14816445e-05]), 'ST': array([4.89249063e-01, 6.19602070e-06, 5.19078683e-08, 2.59712260e-07,
       3.14104912e-03, 4.26216385e-02, 4.24471972e-01, 4.73013611e-03,
       5.52276647e-03, 6.64780513e-07, 2.71832208e-04, 1.03407810e-04,
       7.45184934e-06, 1.33102844e-02, 4.90743674e-06, 7.82963170e-04,
       2.15282504e-06, 1.39575157e-02, 5.99083632e-07, 7.46476661e-03,
       1.47788757e-02, 9.29590091e-14, 6.07408360e-07, 1.64997642e-07,
       9.87541284e-08]), 'ST_conf': array([1.97233983e-02, 3.86174632e-07, 3.63914468e-09, 1.61774612e-08,
       1.66250575e-04, 1.95421595e-03, 1.63626424e-02, 2.46244044e-04,
       2.67441610e-04, 5.02629906e-08, 2.52339499e-05, 9.36577830e-06,
       7.73093040e-07, 6.91278094e-04, 5.86755860e-07, 4.34568540e-05,
       1.93339674e-07, 7.29080525e-04, 2.76387766e-08, 3.78911280e-04,
       7.40205702e-04, 8.61423546e-15, 3.43100739e-08, 1.00362396e-08,
       6.35048869e-09])}