Result for Konzentration
{'S1': array([ 4.71938827e-01,  7.13748613e-05, -3.57205477e-08,  6.43841761e-07,
        2.59898418e-03,  4.27460909e-02,  4.04342945e-01,  4.06389500e-03,
        3.92914912e-03, -3.46842338e-06,  3.40197286e-05,  2.30229963e-05,
        3.94343250e-05,  1.25298453e-02,  1.05759559e-04,  5.88060315e-04,
        1.20702228e-05,  1.25323525e-02,  3.35512785e-06,  7.78079404e-03,
        1.30932163e-02, -1.08844953e-07, -6.32707764e-06,  0.00000000e+00,
        0.00000000e+00]), 'S1_conf': array([2.43999686e-02, 1.11468534e-04, 5.56901106e-08, 1.02368475e-05,
       2.00755435e-03, 7.96140092e-03, 2.19020552e-02, 2.91719668e-03,
       2.77227686e-03, 3.12299832e-05, 5.68990577e-04, 3.78314189e-04,
       1.02453091e-04, 4.74123772e-03, 8.42817198e-05, 1.06732824e-03,
       6.07028788e-05, 4.71774072e-03, 3.13517156e-05, 3.28133745e-03,
       4.61150946e-03, 1.78654053e-07, 3.41920926e-05, 0.00000000e+00,
       0.00000000e+00]), 'ST': array([4.89160950e-01, 6.25881032e-06, 8.51428074e-12, 7.91850473e-08,
       3.15257814e-03, 4.26087297e-02, 4.24357320e-01, 4.74186661e-03,
       5.54201029e-03, 6.74710782e-07, 2.55354984e-04, 1.04205129e-04,
       7.18630447e-06, 1.33466790e-02, 4.96786240e-06, 7.89566572e-04,
       2.26500962e-06, 1.39821623e-02, 6.00767726e-07, 7.51976420e-03,
       1.48291037e-02, 1.06996953e-11, 6.08765227e-07, 0.00000000e+00,
       0.00000000e+00]), 'ST_conf': array([1.84776147e-02, 4.24174432e-07, 1.35264586e-11, 5.48512471e-09,
       1.34740718e-04, 2.08452147e-03, 1.88720452e-02, 2.40457686e-04,
       2.89094820e-04, 5.20163581e-08, 2.25741961e-05, 8.29745357e-06,
       6.81083138e-07, 7.10507779e-04, 5.24846255e-07, 4.87916641e-05,
       2.26069772e-07, 6.52458080e-04, 3.18048333e-08, 4.12419364e-04,
       7.28989673e-04, 1.45459734e-11, 3.37932173e-08, 0.00000000e+00,
       0.00000000e+00])}
Result for Time
{'S1': array([ 4.71938827e-01,  7.13748613e-05, -3.57205477e-08,  6.43841761e-07,
        2.59898418e-03,  4.27460909e-02,  4.04342945e-01,  4.06389500e-03,
        3.92914912e-03, -3.46842338e-06,  3.40197286e-05,  2.30229963e-05,
        3.94343250e-05,  1.25298453e-02,  1.05759559e-04,  5.88060315e-04,
        1.20702228e-05,  1.25323525e-02,  3.35512785e-06,  7.78079404e-03,
        1.30932163e-02, -1.08844953e-07, -6.32707764e-06,  0.00000000e+00,
        0.00000000e+00]), 'S1_conf': array([2.43999686e-02, 1.11468534e-04, 5.56901106e-08, 1.02368475e-05,
       2.00755435e-03, 7.96140092e-03, 2.19020552e-02, 2.91719668e-03,
       2.77227686e-03, 3.12299832e-05, 5.68990577e-04, 3.78314189e-04,
       1.02453091e-04, 4.74123772e-03, 8.42817198e-05, 1.06732824e-03,
       6.07028788e-05, 4.71774072e-03, 3.13517156e-05, 3.28133745e-03,
       4.61150946e-03, 1.78654053e-07, 3.41920926e-05, 0.00000000e+00,
       0.00000000e+00]), 'ST': array([4.89160950e-01, 6.25881032e-06, 8.51428074e-12, 7.91850473e-08,
       3.15257814e-03, 4.26087297e-02, 4.24357320e-01, 4.74186661e-03,
       5.54201029e-03, 6.74710782e-07, 2.55354984e-04, 1.04205129e-04,
       7.18630447e-06, 1.33466790e-02, 4.96786240e-06, 7.89566572e-04,
       2.26500962e-06, 1.39821623e-02, 6.00767726e-07, 7.51976420e-03,
       1.48291037e-02, 1.06996953e-11, 6.08765227e-07, 0.00000000e+00,
       0.00000000e+00]), 'ST_conf': array([1.84776147e-02, 4.24174432e-07, 1.35264586e-11, 5.48512471e-09,
       1.34740718e-04, 2.08452147e-03, 1.88720452e-02, 2.40457686e-04,
       2.89094820e-04, 5.20163581e-08, 2.25741961e-05, 8.29745357e-06,
       6.81083138e-07, 7.10507779e-04, 5.24846255e-07, 4.87916641e-05,
       2.26069772e-07, 6.52458080e-04, 3.18048333e-08, 4.12419364e-04,
       7.28989673e-04, 1.45459734e-11, 3.37932173e-08, 0.00000000e+00,
       0.00000000e+00])}