Result for Konzentration
{'S1': array([ 4.72270051e-01,  6.60706659e-05,  2.02853493e-06,  2.67285165e-06,
        2.46806357e-03,  4.25562714e-02,  4.07476387e-01,  3.10587505e-03,
        3.56727403e-03,  5.83964816e-06,  0.00000000e+00,  3.58565524e-03,
        1.90957850e-04,  1.19281256e-02,  3.88162085e-05,  4.93880386e-04,
        1.13126016e-04,  9.97143878e-03,  3.68600354e-06,  5.79110902e-03,
        1.25473970e-02, -5.14672622e-09, -3.76990694e-06, -3.74923280e-06,
       -1.18436062e-05]), 'S1_conf': array([2.36836674e-02, 1.09894906e-04, 1.54216707e-05, 5.00408889e-05,
       2.01454739e-03, 7.42795128e-03, 2.71867704e-02, 2.39936443e-03,
       3.23792047e-03, 2.99262662e-05, 0.00000000e+00, 2.53565271e-03,
       5.25352236e-04, 4.89348297e-03, 4.58224440e-04, 1.10263899e-03,
       2.23920580e-04, 4.59364066e-03, 2.93107348e-05, 3.34251375e-03,
       4.49099224e-03, 1.38683684e-08, 3.01504732e-05, 3.23812161e-05,
       2.86381121e-05]), 'ST': array([4.89212985e-01, 8.00938586e-06, 1.82426006e-07, 1.72206996e-06,
       2.88698530e-03, 4.24608747e-02, 4.27247975e-01, 3.71597815e-03,
       5.10848697e-03, 5.56936858e-07, 0.00000000e+00, 3.88119882e-03,
       1.83407037e-04, 1.27852499e-02, 1.40693060e-04, 6.38235690e-04,
       3.39769279e-05, 1.14657394e-02, 5.61539193e-07, 6.11436091e-03,
       1.40672734e-02, 1.13567157e-13, 5.50051152e-07, 9.07330952e-07,
       3.69069533e-07]), 'ST_conf': array([1.95632213e-02, 5.46176973e-07, 1.20102016e-08, 1.07943561e-07,
       1.52989252e-04, 1.97481716e-03, 1.89488625e-02, 1.74874779e-04,
       2.62942756e-04, 3.98830237e-08, 0.00000000e+00, 2.24186076e-04,
       1.50645613e-05, 6.69265086e-04, 1.30542057e-05, 3.41948770e-05,
       2.74449111e-06, 5.82175890e-04, 2.79414365e-08, 3.18523953e-04,
       7.76710609e-04, 5.09049886e-14, 3.00166050e-08, 6.10946726e-08,
       2.79641305e-08])}
Result for Time
{'S1': array([ 4.72270051e-01,  6.60706659e-05,  2.02853493e-06,  2.67285165e-06,
        2.46806357e-03,  4.25562714e-02,  4.07476387e-01,  3.10587505e-03,
        3.56727403e-03,  5.83964816e-06,  0.00000000e+00,  3.58565524e-03,
        1.90957850e-04,  1.19281256e-02,  3.88162085e-05,  4.93880386e-04,
        1.13126016e-04,  9.97143878e-03,  3.68600354e-06,  5.79110902e-03,
        1.25473970e-02, -5.14672622e-09, -3.76990694e-06, -3.74923280e-06,
       -1.18436062e-05]), 'S1_conf': array([2.36836674e-02, 1.09894906e-04, 1.54216707e-05, 5.00408889e-05,
       2.01454739e-03, 7.42795128e-03, 2.71867704e-02, 2.39936443e-03,
       3.23792047e-03, 2.99262662e-05, 0.00000000e+00, 2.53565271e-03,
       5.25352236e-04, 4.89348297e-03, 4.58224440e-04, 1.10263899e-03,
       2.23920580e-04, 4.59364066e-03, 2.93107348e-05, 3.34251375e-03,
       4.49099224e-03, 1.38683684e-08, 3.01504732e-05, 3.23812161e-05,
       2.86381121e-05]), 'ST': array([4.89212985e-01, 8.00938586e-06, 1.82426006e-07, 1.72206996e-06,
       2.88698530e-03, 4.24608747e-02, 4.27247975e-01, 3.71597815e-03,
       5.10848697e-03, 5.56936858e-07, 0.00000000e+00, 3.88119882e-03,
       1.83407037e-04, 1.27852499e-02, 1.40693060e-04, 6.38235690e-04,
       3.39769279e-05, 1.14657394e-02, 5.61539193e-07, 6.11436091e-03,
       1.40672734e-02, 1.13567157e-13, 5.50051152e-07, 9.07330952e-07,
       3.69069533e-07]), 'ST_conf': array([1.95632213e-02, 5.46176973e-07, 1.20102016e-08, 1.07943561e-07,
       1.52989252e-04, 1.97481716e-03, 1.89488625e-02, 1.74874779e-04,
       2.62942756e-04, 3.98830237e-08, 0.00000000e+00, 2.24186076e-04,
       1.50645613e-05, 6.69265086e-04, 1.30542057e-05, 3.41948770e-05,
       2.74449111e-06, 5.82175890e-04, 2.79414365e-08, 3.18523953e-04,
       7.76710609e-04, 5.09049886e-14, 3.00166050e-08, 6.10946726e-08,
       2.79641305e-08])}