Result for Konzentration
{'S1': array([ 4.71929376e-01,  7.02608168e-05,  7.85384363e-08,  5.09178957e-06,
        2.50897377e-03,  4.25234526e-02,  4.07042864e-01,  3.16916145e-03,
        3.61017794e-03,  5.70487033e-06,  0.00000000e+00,  3.67638959e-03,
        1.93312769e-04,  1.20476991e-02,  4.05200617e-05,  5.15945986e-04,
        1.27296686e-04,  1.01236849e-02,  4.25695007e-06,  5.91012589e-03,
        1.26854835e-02,  2.17616891e-09, -2.12719608e-06,  0.00000000e+00,
        0.00000000e+00]), 'S1_conf': array([2.75509500e-02, 1.07059124e-04, 7.72052201e-08, 2.79368104e-05,
       2.11800266e-03, 6.52533242e-03, 2.19674288e-02, 2.25380194e-03,
       2.86283070e-03, 2.72801587e-05, 0.00000000e+00, 2.91815498e-03,
       5.48003148e-04, 4.91004952e-03, 5.11807337e-04, 1.01908224e-03,
       2.48657802e-04, 3.91643865e-03, 3.28869614e-05, 2.88589012e-03,
       4.73085115e-03, 1.07167489e-08, 3.04327058e-05, 0.00000000e+00,
       0.00000000e+00]), 'ST': array([4.88869218e-01, 8.24987559e-06, 5.08587957e-12, 5.86656430e-07,
       2.92074842e-03, 4.24279372e-02, 4.26815090e-01, 3.79063933e-03,
       5.16581210e-03, 5.65657571e-07, 0.00000000e+00, 3.98557775e-03,
       1.74868902e-04, 1.29026546e-02, 1.43853750e-04, 6.54177942e-04,
       3.78251159e-05, 1.16638001e-02, 5.67241921e-07, 6.24974863e-03,
       1.42200101e-02, 8.26775934e-14, 5.58569481e-07, 0.00000000e+00,
       0.00000000e+00]), 'ST_conf': array([2.20814905e-02, 5.41439423e-07, 5.01978886e-12, 4.15774106e-08,
       1.39445697e-04, 1.93292199e-03, 1.81479395e-02, 2.19281772e-04,
       2.53320541e-04, 4.58126269e-08, 0.00000000e+00, 2.43131452e-04,
       1.36962762e-05, 7.10043151e-04, 1.11526320e-05, 4.02635472e-05,
       3.15746706e-06, 5.49877384e-04, 2.67987038e-08, 3.22597860e-04,
       7.46779442e-04, 6.07236199e-15, 2.69589912e-08, 0.00000000e+00,
       0.00000000e+00])}
Result for Time
{'S1': array([ 4.71929376e-01,  7.02608168e-05,  7.85384363e-08,  5.09178957e-06,
        2.50897377e-03,  4.25234526e-02,  4.07042864e-01,  3.16916145e-03,
        3.61017794e-03,  5.70487033e-06,  0.00000000e+00,  3.67638959e-03,
        1.93312769e-04,  1.20476991e-02,  4.05200617e-05,  5.15945986e-04,
        1.27296686e-04,  1.01236849e-02,  4.25695007e-06,  5.91012589e-03,
        1.26854835e-02,  2.17616891e-09, -2.12719608e-06,  0.00000000e+00,
        0.00000000e+00]), 'S1_conf': array([2.75509500e-02, 1.07059124e-04, 7.72052201e-08, 2.79368104e-05,
       2.11800266e-03, 6.52533242e-03, 2.19674288e-02, 2.25380194e-03,
       2.86283070e-03, 2.72801587e-05, 0.00000000e+00, 2.91815498e-03,
       5.48003148e-04, 4.91004952e-03, 5.11807337e-04, 1.01908224e-03,
       2.48657802e-04, 3.91643865e-03, 3.28869614e-05, 2.88589012e-03,
       4.73085115e-03, 1.07167489e-08, 3.04327058e-05, 0.00000000e+00,
       0.00000000e+00]), 'ST': array([4.88869218e-01, 8.24987559e-06, 5.08587957e-12, 5.86656430e-07,
       2.92074842e-03, 4.24279372e-02, 4.26815090e-01, 3.79063933e-03,
       5.16581210e-03, 5.65657571e-07, 0.00000000e+00, 3.98557775e-03,
       1.74868902e-04, 1.29026546e-02, 1.43853750e-04, 6.54177942e-04,
       3.78251159e-05, 1.16638001e-02, 5.67241921e-07, 6.24974863e-03,
       1.42200101e-02, 8.26775934e-14, 5.58569481e-07, 0.00000000e+00,
       0.00000000e+00]), 'ST_conf': array([2.20814905e-02, 5.41439423e-07, 5.01978886e-12, 4.15774106e-08,
       1.39445697e-04, 1.93292199e-03, 1.81479395e-02, 2.19281772e-04,
       2.53320541e-04, 4.58126269e-08, 0.00000000e+00, 2.43131452e-04,
       1.36962762e-05, 7.10043151e-04, 1.11526320e-05, 4.02635472e-05,
       3.15746706e-06, 5.49877384e-04, 2.67987038e-08, 3.22597860e-04,
       7.46779442e-04, 6.07236199e-15, 2.69589912e-08, 0.00000000e+00,
       0.00000000e+00])}