Result for Konzentration
{'S1': array([ 3.78264731e-10,  1.86924913e-05, -6.77573091e-05,  2.94763907e-04,
        2.08484419e-05,  2.63053073e-05, -2.70278038e-06, -3.28502653e-06,
       -6.09097099e-06, -1.33318716e-05, -6.23495534e-06, -1.25007708e-06,
       -5.10836462e-07,  0.00000000e+00, -2.88481678e-03,  2.71815323e-05,
        3.36602692e-04]), 'S1_conf': array([7.21751781e-10, 4.08920488e-05, 8.73627041e-05, 3.49266247e-03,
       6.08175172e-05, 6.84970039e-03, 9.34972390e-06, 2.45511296e-05,
       2.70372436e-05, 2.20500773e-05, 7.05644955e-06, 9.22599222e-06,
       3.47987544e-06, 0.00000000e+00, 6.18655307e-02, 3.95688204e-05,
       1.88308910e-03]), 'ST': array([7.51685416e-13, 1.79137948e-03, 2.21784357e-02, 6.95215972e-01,
       2.45231066e-03, 1.28567321e+00, 4.08544743e-05, 6.70923489e-05,
       2.16340040e-04, 9.05487542e-04, 1.90942735e-04, 1.02157655e-05,
       9.70367756e-07, 0.00000000e+00, 4.59699466e+01, 3.79701274e-03,
       6.85246341e-01]), 'ST_conf': array([8.66715710e-13, 2.04817264e-03, 2.56262529e-02, 1.08629342e+00,
       2.80537922e-03, 1.24194227e+01, 4.67245096e-05, 9.01364785e-05,
       2.46376346e-04, 1.04367081e-03, 2.20875446e-04, 1.22439332e-05,
       1.26691923e-06, 0.00000000e+00, 9.26921993e+02, 4.38319328e-03,
       7.85832888e-01])}
Result for Time
{'S1': array([-0.00055038,  0.00078495,  0.01002292,  0.08621079,  0.0030314 ,
        0.106761  ,  0.02382959,  0.01229172, -0.00044602,  0.01943029,
       -0.00256362,  0.0036819 , -0.00196206,  0.        ,  0.10287005,
        0.00467065,  0.06819505]), 'S1_conf': array([0.00186942, 0.00685128, 0.00856195, 0.02775743, 0.00764069,
       0.02481619, 0.01941588, 0.01242165, 0.00900247, 0.01927918,
       0.00521592, 0.00821664, 0.00398424, 0.        , 0.02997928,
       0.00900947, 0.02819529]), 'ST': array([0.00286629, 0.02791947, 0.04142075, 0.40103262, 0.03166984,
       0.4513896 , 0.24479131, 0.08599365, 0.0562923 , 0.25668327,
       0.0195958 , 0.05933857, 0.01280278, 0.        , 0.51586241,
       0.04808863, 0.38823975]), 'ST_conf': array([0.00078605, 0.00576779, 0.00692028, 0.02726626, 0.00727461,
       0.02806399, 0.02143973, 0.01172835, 0.00940949, 0.02101035,
       0.00456698, 0.01015502, 0.00284456, 0.        , 0.02598856,
       0.0092024 , 0.02527556])}